17,33 17,34 17,35 17,36 16,37 15,38 14,39 13,40 12,41 11,42 10,43 9,44 8,45 8,46
17,33 17,34 17,35 17,36 17,37 18,38 18,39 18,40 18,41 18,42 18,43 18,44 18,45 18,46 18,47 18,48 18,49 18,50 18,51 18,52 18,53 18,54 18,55 18,56 18,57 18,58 18,59 18,60 18,61 18,62 18,63 18,64 18,65 18,66 18,67 18,68 18,69 18,70 19,71
17,33 17,32 17,31 17,30 17,29 17,28 16,27 16,26 16,25 16,24 16,23 16,22 15,21 14,20 13,19 12,18 11,17 10,16 9,15 8,14 7,13 6,12
17,33 18,34 19,35 20,36 21,37 22,38 23,39 24,40 25,41 26,42 27,43 28,44 28,45 29,46 30,47 31,48 32,48 33,49 34,50 35,51 36,52 37,53 38,53 39,53 40,54 41,55 42,56 43,56 44,57 45,58 46,59 47,60 48,61 49,62 50,63 51,63 52,63 53,64 54,65 55,66 56,67 57,68 58,69
17,33 16,33 15,34 14,34 13,34 12,34 11,34 10,33 9,33 8,33 7,33 6,33 5,33 4,33

path cost 166
path cost 388
path cost 254
path cost 560
path cost 138