A*
57 18
48 1
1
5
22 6
12 15
32 5
26 3
21 11
-8 3 2 -14 8 -14 -17 -8 9 6 -11 -16 -11 -3 7 -15 -2 -1 2 -4 -16 -2 -19 -3 -1 -7 5 0 4 -15 0 -16 -11 -9 -10 -4 7 1 -15 -20 4 -19 -17 0 -20 -6 5 -10 -16 -9 -17 3 -1 -7 5 7 -11
-12 9 3 -18 0 -1 -17 4 3 -10 -11 -11 -14 -11 -5 -4 0 5 -5 -17 -15 -11 3 -8 -9 -19 0 9 -19 -19 -10 -6 -16 -4 9 -16 -1 4 -8 -6 -15 9 8 3 8 -1 -14 -1 0 -8 -13 -20 -5 -1 2 -2 1
-20 -4 3 -7 -15 -3 0 -12 -10 -9 -15 -9 -6 0 -10 -5 -15 -10 -2 2 -12 8 8 -13 -11 -3 -8 2 -17 -3 6 -9 -14 0 4 6 -12 -18 4 -2 4 7 8 -19 -17 6 -17 -8 -13 -7 -12 -12 -3 -14 -7 8 -17
-20 -7 -13 -5 8 -1 -13 -6 -18 -16 -14 -19 -15 -8 -17 -1 -3 -20 1 -19 -14 7 -11 0 -1 -7 0 6 -5 2 -7 0 -18 2 -2 -3 -20 -17 -19 -14 -3 8 -6 -15 -5 -12 5 -20 -9 -10 -13 -9 -10 -6 -5 9 -19
6 -3 -17 -7 4 -6 -9 -3 6 -8 -18 -8 8 1 -1 -10 -15 2 -9 -3 -3 -14 -6 -3 0 2 -1 -9 4 -17 9 -14 -7 5 -15 5 -17 5 -9 -18 7 -8 6 -4 5 -13 -10 7 -12 -3 3 -19 -7 0 -15 -9 9
9 9 -13 -2 9 6 9 0 -20 -16 -5 -17 -2 -11 -10 -3 -3 -19 -16 -16 -3 6 0 -17 -12 -12 1 -4 -5 -4 -14 -18 -9 5 -10 -15 7 5 6 -15 -17 -8 -13 -18 -15 6 3 4 7 -5 -5 9 -7 -10 -10 -3 2
8 -12 9 -11 -6 -15 -1 -7 3 -2 -20 -13 7 -15 9 -8 -19 -10 -15 -16 0 -2 -8 -3 6 2 -1 -18 4 6 3 0 1 -2 -18 -20 -18 -20 -11 -20 -9 -7 -17 -14 -13 -1 -17 -6 5 5 -6 -3 6 -11 -17 -2 -7
5 -6 -7 1 -20 3 2 -15 2 -13 6 3 -5 -1 -13 -16 8 -16 -15 -8 -1 -18 -18 -16 -4 7 -8 -11 9 9 9 8 2 -4 4 -7 -7 -16 7 -13 -12 5 -11 1 -8 1 -20 -6 -18 -9 -16 1 3 -4 -7 1 -9
-17 -17 -8 -15 -20 -4 3 -19 -18 8 -20 -20 -6 -17 -17 -10 4 -16 5 -3 -12 7 -3 8 -1 -6 -8 7 -4 2 -4 -15 -4 -10 -20 -3 -8 9 -10 -9 -4 -11 6 -9 -6 -7 -5 -1 -16 -12 -5 -6 -13 -3 7 5 -20
-9 6 -8 -3 -4 -13 -8 -14 6 -2 -10 -1 1 -13 -5 -6 4 -3 4 -7 -14 -3 3 3 -11 -19 -16 0 -4 -12 -9 -2 9 0 7 -17 -2 -8 9 -2 5 -20 -14 -7 -7 -4 -11 4 -9 -2 -20 -8 -19 -5 -3 0 6
-5 1 4 -15 -5 -18 -4 -7 -20 -19 5 -9 -5 4 6 4 -9 -11 -12 4 6 -13 1 -1 5 -4 -20 2 -12 -14 -9 -16 1 0 -4 -18 8 -1 -10 -19 1 -14 -8 2 -13 5 -10 7 6 -6 -13 -3 7 -10 -11 6 8
4 7 -16 -14 -10 -6 -19 0 -2 -7 -16 5 0 -14 8 1 -10 0 6 0 -3 -5 -9 -2 -12 8 -20 -17 -20 2 -18 3 1 2 8 -15 3 -20 4 2 -15 5 1 6 -15 -2 -10 -14 8 -10 -20 8 -12 -11 4 -20 -18
-15 7 -4 -3 -9 7 -1 -9 -3 -7 7 1 9 -1 -20 -10 -12 8 -13 -17 -1 7 -19 -11 -13 -15 5 -11 -14 -3 6 6 -5 -17 -8 -4 -14 -7 -20 -8 -3 -18 -16 -3 -17 -8 -13 1 -4 -16 -12 -18 -2 -5 9 -17 -16
8 5 -10 -8 7 -9 8 -7 5 -14 8 -5 -2 5 0 9 6 2 -16 1 5 -19 9 -12 -12 -8 -10 -20 -6 6 -20 7 -17 -14 1 -2 -10 8 9 9 -20 0 3 -19 6 3 -11 -1 -3 5 -18 1 -8 -11 -17 8 -15
-7 -3 5 -12 0 4 -6 -13 -19 -12 -16 -6 -4 6 -4 2 6 1 2 7 -15 -7 -6 -3 -14 3 -15 -7 -9 8 -14 -4 1 1 -9 9 9 7 -3 -4 6 -9 -10 7 -6 -8 1 -12 -20 3 -8 -1 -6 -14 -17 2 -11
-13 -16 -12 -15 7 5 8 -5 0 -20 -10 -8 3 5 1 -9 -4 1 -11 -17 -9 -13 2 -12 -8 8 5 -6 -4 3 8 2 -17 -16 -7 -16 -14 8 2 0 1 -9 3 6 3 6 -14 -12 -5 3 2 -11 9 9 -20 3 -14
-18 -5 -20 -5 -10 2 -14 -6 3 -20 -17 -3 -18 -15 -16 -18 7 3 5 8 6 -12 -15 -20 7 -20 -1 7 -9 9 1 -17 -18 -8 0 8 -7 -13 -4 -4 -6 5 -10 -8 -8 -6 -12 9 -17 -18 -17 2 -20 4 5 1 -3
2 -12 -13 -13 7 5 -4 -13 4 -4 -3 5 -12 8 -1 -9 -8 -12 -2 4 2 -18 -15 -19 -19 -11 -13 -3 -7 -12 -4 -17 3 0 2 -2 -18 0 -13 -7 -10 -10 -5 -8 -20 -5 -4 -6 -3 0 9 6 -5 0 0 -9 -12

