UCS
70 112
17 33
6
5
8 46
19 71
6 12
58 69
4 33
-1 13 8 5 11 9 17 22 18 -5 11 7 22 -5 -5 5 17 -8 16 8 17 0 23 21 24 7 5 10 -6 7 5 22 11 -10 2 21 -2 12 -10 5 7 -8 1 9 5 23 23 3 -3 11 1 -5 15 -4 -10 14 -5 -6 16 9 4 -5 9 -8 5 11 6 -8 16 19
-10 20 19 -4 13 2 5 -5 2 9 -8 21 -9 3 -2 13 -10 -9 -10 3 -10 1 6 4 10 13 6 -3 -5 21 13 22 21 3 1 -6 6 7 -4 -3 6 -1 22 7 20 -1 -7 16 -9 -9 -8 3 9 6 -3 5 6 5 1 0 3 5 6 -8 21 15 0 -4 6 -3
0 -3 -5 11 -10 21 20 -8 1 22 18 13 -6 -4 7 3 16 1 -1 12 14 -4 19 6 5 -7 -4 6 -2 9 -1 12 24 -5 17 12 -5 22 19 14 6 1 10 -7 -7 -6 16 17 8 2 15 -4 17 -2 19 9 0 14 21 -3 3 7 12 -9 -1 -10 24 -9 -4 2
20 -5 -6 10 11 11 -4 10 12 19 12 13 20 -9 1 12 17 -1 17 22 21 -7 23 -5 16 13 14 8 4 -2 21 6 -7 14 -2 17 -8 -5 1 -1 22 2 4 10 14 -5 12 14 3 -6 14 -4 -8 16 14 11 -6 2 13 -8 1 23 18 24 24 1 2 21 -8 7
7 -7 8 -3 3 18 12 -6 -6 11 -3 18 -3 21 0 8 2 18 8 -5 4 19 -8 21 -4 16 -3 0 -6 -10 12 -6 14 -1 9 11 2 16 20 9 23 -10 -9 -2 21 13 12 9 19 18 -7 -9 23 16 8 6 -2 -2 -6 24 5 14 21 1 -7 20 2 -8 5 9
1 21 18 -6 12 -1 -1 6 -2 5 8 16 18 1 15 -7 18 7 -2 5 2 15 23 -1 5 7 24 5 -1 15 24 12 -8 7 0 17 1 1 -8 15 -3 22 -8 2 24 7 10 10 -6 19 10 -1 2 16 23 -2 8 -7 9 20 -8 -7 -1 20 2 2 0 0 6 -7
-1 -1 -6 11 -2 -5 21 3 5 24 1 10 -6 -8 11 24 14 21 18 17 11 20 15 0 9 -7 -3 -2 -3 10 23 14 17 7 -8 1 -9 -9 20 -6 -8 1 22 -4 -1 -8 -8 7 -5 22 -2 6 6 -7 8 -3 5 -9 10 21 -6 6 23 -5 3 0 -7 0 15 18
20 -6 -4 1 -5 4 23 -2 9 -5 -5 11 18 13 -10 19 -2 3 3 19 20 20 13 6 -10 20 -7 17 20 15 20 8 -2 4 13 12 17 23 -4 10 9 6 16 12 4 22 18 19 -2 5 22 13 13 18 -7 5 17 23 1 9 1 -5 2 -4 9 -7 17 1 1 -1
-6 -2 -8 2 22 -1 13 6 4 16 2 16 -8 2 4 24 -9 -7 -8 18 17 13 8 16 8 13 -8 -3 4 10 3 5 22 24 8 3 7 9 16 17 24 19 -4 19 5 -3 15 -8 3 -5 6 0 -5 17 0 24 10 14 9 5 -10 -9 1 22 19 7 16 -9 -7 20
15 23 1 -1 24 18 -7 11 1 21 -2 4 15 1 -4 21 23 8 12 16 13 10 6 15 -7 0 -4 4 4 5 13 6 3 16 -2 18 0 20 3 12 16 9 -3 1 24 6 10 17 18 0 9 22 6 16 13 13 -7 11 20 23 1 3 19 -4 13 -2 15 24 -3 15
7 13 -8 -5 -6 -3 4 15 2 -5 -2 2 3 23 17 5 -10 9 -7 -10 11 13 24 11 8 -1 -2 1 -1 3 4 22 -1 1 10 1 -7 18 18 14 10 21 1 -4 4 24 22 21 24 8 4 13 -9 24 -6 12 -2 23 5 4 -3 1 -7 7 5 10 -9 7 22 18
3 -3 5 17 20 -10 7 17 8 15 12 24 4 2 6 14 1 14 12 21 13 18 -6 20 -9 -7 0 12 11 15 20 21 15 -10 -9 12 12 -9 15 10 15 24 -3 11 10 17 -9 17 11 10 10 22 -2 24 21 19 -2 6 -2 -1 12 3 -3 13 -3 -1 19 7 10 24
22 1 8 7 -7 4 19 -1 16 23 -5 11 -8 1 11 12 10 23 24 -4 3 12 5 -8 20 10 20 4 -5 16 12 18 3 24 17 22 12 -2 12 0 -7 11 -3 8 22 13 19 9 17 8 -2 17 -3 14 7 -10 -3 19 16 -2 21 -4 1 -4 17 -5 -3 21 14 24
-1 0 9 11 -10 19 3 19 6 5 2 -9 4 16 11 16 -7 15 23 -7 -4 10 3 -9 20 17 -3 4 6 -7 9 -5 11 -6 15 0 8 13 5 -9 -2 23 -5 -3 14 11 7 18 9 8 -5 9 22 22 19 10 6 5 16 8 -9 18 -4 15 3 20 13 6 2 -4
21 24 3 14 -5 -8 0 -4 21 7 0 8 7 -6 14 -2 12 16 0 -3 0 -10 14 22 8 21 17 18 -1 19 -10 8 2 9 7 24 14 24 16 0 0 -4 9 10 19 17 7 20 4 20 -2 -9 8 15 0 22 14 18 2 6 -1 24 -9 20 17 -6 -3 17 8 23
20 13 6 -9 -5 4 5 4 20 -1 -4 19 11 8 -6 -10 -3 4 18 -6 22 9 8 -7 16 11 1 9 12 23 -2 19 -8 -6 15 11 1 17 19 0 -2 11 16 -5 10 -1 6 2 -5 20 15 -7 1 14 21 11 6 0 0 -10 17 11 14 -8 -9 -1 0 14 1 -3
13 4 21 -8 -10 22 14 11 4 16 -1 -4 17 19 1 10 13 10 0 21 8 22 9 17 21 21 6 10 6 17 23 9 -3 17 -7 15 12 21 20 -1 6 12 20 24 11 -2 23 -9 11 6 22 -7 12 10 11 5 5 15 0 23 15 11 12 1 4 22 14 16 18 21
0 16 -10 21 9 0 10 15 17 20 17 0 -5 23 13 2 3 10 -1 16 0 4 14 23 15 24 -5 12 14 22 -9 9 18 -10 7 7 -2 5 3 16 0 6 -1 -7 0 14 14 3 1 2 -10 18 10 2 17 8 21 -3 -7 5 -10 10 10 4 -10 -6 3 17 7 13
1 5 -1 16 12 22 20 5 -7 5 19 11 -1 -6 8 -1 2 -5 -8 16 -2 14 23 11 22 10 10 13 -2 24 -7 1 -1 8 16 -9 3 10 16 -8 4 20 -1 11 -9 9 -7 24 23 -4 -5 7 4 18 -6 -4 15 4 -5 10 20 9 7 -6 11 -10 13 -4 2 4
17 -2 15 23 17 -9 -10 9 3 22 -3 1 24 3 10 7 23 15 15 19 6 -10 -6 22 -10 -8 20 20 16 17 13 10 -5 13 22 15 12 7 -3 10 22 -3 21 9 1 -4 8 -4 10 -10 -3 1 -1 8 17 22 5 24 8 6 24 13 23 -5 21 7 1 3 3 13
-4 4 6 -3 1 15 -4 8 22 16 10 21 17 15 1 -7 -1 4 24 17 5 17 24 13 -9 21 18 23 11 19 15 13 -4 4 -7 20 21 -8 18 -8 24 3 7 17 -8 4 11 -9 13 22 4 7 1 17 -2 21 9 -1 -2 11 -5 -10 10 2 -7 -7 14 11 9 -4
-1 -2 -1 11 10 -6 19 20 -9 -9 -3 -8 8 11 9 17 5 -9 -4 13 12 14 -10 -3 8 17 24 23 24 21 0 0 -5 7 20 7 7 -9 -7 -8 7 7 16 18 8 18 1 23 4 5 -1 -8 22 17 22 -1 -1 16 19 12 21 16 6 -10 19 7 -4 18 15 -6
-1 24 12 10 -10 -10 23 -2 10 17 0 17 0 5 -2 19 9 17 -9 1 18 23 22 13 7 3 17 -10 2 0 11 -2 -9 -9 -4 -6 24 6 24 2 15 -2 2 5 13 13 -6 -9 7 -8 -7 21 0 15 -3 -4 8 -2 -6 0 -3 -4 0 12 11 17 4 3 -1 8
12 17 4 2 11 5 -10 -5 -6 20 7 -4 -4 12 -6 1 1 4 17 11 -10 -2 20 16 3 1 -4 -3 5 13 18 -6 5 -7 10 23 -6 -10 8 -4 -1 -5 14 -2 -8 10 13 24 16 24 15 8 18 22 23 12 -3 -3 18 14 -3 1 22 0 -4 19 -1 5 8 17
13 7 -8 9 16 1 19 7 20 18 11 8 13 19 17 -2 -6 10 17 -9 -7 -10 12 22 16 4 22 8 11 -5 -10 22 23 13 -10 16 -3 1 17 0 2 -1 5 1 20 20 24 -9 7 -4 22 20 8 7 23 7 -2 21 -1 0 8 19 4 22 2 12 11 19 -9 3
13 17 -3 8 -7 4 6 -7 -4 6 0 7 13 3 21 23 2 7 22 16 -8 17 21 9 -4 22 19 5 7 23 17 3 24 -3 13 9 23 -7 19 7 17 2 -4 12 16 1 -8 24 8 15 -1 -4 23 -3 21 11 21 -7 5 14 18 23 2 -3 11 -5 -4 -5 1 23
1 -7 18 19 3 19 -6 23 1 1 -7 16 4 -2 14 -10 20 4 4 9 -6 16 9 18 5 17 11 -2 24 -2 1 -5 1 0 -9 19 20 20 19 2 -8 -9 -8 12 19 21 9 10 0 21 8 24 -8 5 20 0 -3 -8 -6 8 10 -7 24 21 24 23 1 4 -4 -10
24 4 8 7 15 2 8 17 4 14 -2 -2 12 13 9 4 23 -9 18 17 16 16 14 -2 6 4 -1 23 9 1 0 8 6 -9 11 -3 3 2 6 10 -10 3 -6 -6 9 -3 5 7 8 1 7 2 3 13 -5 -9 22 -9 -1 -1 -8 -5 17 -4 -5 9 3 4 22 7
-1 9 -10 -8 14 19 20 2 1 12 -10 2 3 -10 0 2 -9 -3 15 16 -8 6 24 8 3 19 -5 21 5 17 3 18 -9 17 -5 0 7 19 8 -2 -8 -1 -5 -3 -4 15 20 15 14 11 23 11 7 13 16 14 -8 21 -10 9 14 -5 21 16 22 0 14 24 -5 -9
4 11 4 22 10 -4 -4 3 -9 1 22 11 8 -4 6 21 -10 -6 21 0 1 19 18 3 0 -6 -5 2 16 20 19 11 8 19 -3 11 5 12 16 13 -10 24 6 1 -9 9 23 -9 18 20 12 14 24 14 16 -3 -3 0 -3 6 -2 6 -5 2 -4 13 1 16 3 3
17 -3 -6 5 6 13 -2 -5 -7 10 21 -3 19 10 16 0 -10 6 14 5 -7 -6 14 23 -10 22 -10 11 -6 8 -10 23 11 8 7 -5 -4 -5 -2 1 21 10 5 16 -1 5 10 14 2 10 17 14 -6 24 9 -3 3 -4 0 8 22 -7 1 4 -9 20 14 5 -7 18
-9 3 15 16 0 -8 21 -5 13 -8 13 -10 0 7 -8 8 -8 21 7 23 -6 11 7 18 -1 5 20 18 9 12 -5 23 -8 -4 -1 19 -9 23 23 -7 14 -5 15 15 -3 -1 -5 12 -8 4 -7 19 -1 20 17 20 10 2 18 16 5 23 -4 -9 13 14 -1 -9 4 9
-6 -8 1 24 13 13 7 -7 0 0 1 14 7 11 -10 -2 -1 7 23 23 -5 18 -5 15 -5 9 -1 1 24 -3 24 20 -8 -5 2 12 10 -8 5 23 -6 24 -5 22 13 -4 12 18 -7 -5 17 -1 15 18 7 -7 22 19 22 17 3 -6 2 21 -4 17 2 17 -7 18
20 12 20 1 7 2 6 16 24 7 12 12 -5 14 18 -9 8 8 16 -1 -10 5 13 -8 -9 17 -6 10 20 5 7 13 18 22 17 -1 9 11 15 23 8 1 6 -7 21 -7 4 22 16 10 24 13 -3 3 -5 15 18 20 4 17 2 -6 -1 11 2 -2 13 9 16 22
2 21 17 7 -6 -10 18 -7 15 -2 -10 9 -2 23 12 24 -6 18 1 21 1 17 -10 7 0 -7 -6 -6 -7 24 -8 19 18 7 2 21 6 5 -3 18 18 3 24 -7 -7 9 14 9 -4 19 -10 -2 -9 4 -1 8 19 21 -9 16 19 18 10 10 18 -7 18 -1 -10 12
-8 13 -3 20 12 14 -1 22 15 7 2 20 2 4 -6 -9 20 1 18 22 18 12 19 -2 21 8 -5 24 -7 19 -4 18 19 5 -5 -10 0 -8 -7 9 -1 23 -3 12 8 15 -8 23 3 10 -10 0 -5 3 16 -5 20 14 4 -4 9 9 13 -8 -8 2 16 -5 -10 19
9 -5 19 -2 5 3 0 -2 13 21 1 9 14 18 -2 15 14 24 2 -10 4 -5 16 12 22 -8 5 -2 9 -3 -9 16 -10 0 -7 0 -8 23 9 -5 11 -6 5 24 15 -6 -3 -8 13 14 -9 21 -6 11 -9 22 2 14 18 14 15 1 14 4 1 6 22 15 13 1
-10 14 8 -1 15 -10 -2 20 -10 -8 6 -3 3 24 1 21 10 -1 24 -4 23 15 -8 6 18 5 -2 0 23 -4 10 -5 -10 17 -1 8 13 2 -3 21 24 19 3 18 5 4 -7 13 0 -6 5 6 15 -2 -5 14 3 14 10 -5 11 -7 -9 21 18 -1 9 -4 8 20
19 13 4 8 -4 -7 7 5 21 -8 17 -8 17 5 1 22 8 -8 8 20 -1 3 9 10 18 9 7 20 -1 22 -2 4 8 13 -2 -3 -6 -7 -6 -4 15 12 19 22 2 10 22 8 -5 -1 -10 16 22 2 8 -5 7 24 -4 -2 20 -9 12 4 13 -5 10 15 11 -3
-5 -2 12 18 0 0 6 24 24 18 -9 1 24 -4 -4 -10 -6 1 1 1 20 -10 7 14 9 20 13 8 1 22 2 19 17 8 8 7 -5 2 -9 15 21 4 5 13 -4 -6 6 8 6 2 11 0 19 23 8 12 19 -8 16 1 -2 8 21 14 16 -4 -6 18 -5 -1
14 24 11 11 10 3 24 -4 -10 10 2 14 23 5 24 9 1 -4 19 20 21 13 18 22 -3 4 -5 14 12 4 14 -10 -9 20 3 17 6 11 12 17 5 21 22 6 1 1 14 6 4 21 5 -2 11 4 18 18 2 -5 23 -1 17 8 13 15 10 1 24 -1 20 22
5 -6 17 0 8 3 -10 6 -10 19 7 12 18 3 17 16 14 -4 7 8 -1 -2 3 7 24 19 -8 24 -7 18 13 -1 3 1 7 10 -7 -4 -9 3 19 -1 20 2 11 7 2 -8 3 15 5 4 5 9 3 -2 18 -4 12 0 -1 18 24 16 13 -8 14 20 -8 0
11 20 10 24 19 -7 -9 -7 11 7 12 -5 18 -2 -5 22 -7 3 -2 8 1 -7 22 -6 11 -10 6 -4 2 7 2 17 14 -2 5 -8 9 23 -7 0 17 23 3 17 -3 8 -7 12 0 15 19 22 2 -8 24 -10 -10 7 2 12 4 -1 18 11 24 -5 5 -6 21 4
-2 24 -3 3 22 -2 -6 1 -2 -4 22 -9 -5 9 6 14 12 10 4 20 -8 -2 17 6 14 -1 21 20 14 9 15 11 -4 13 -1 9 2 18 15 4 24 18 24 14 -9 12 18 9 10 19 13 19 13 7 -7 -6 -2 -3 -7 10 24 20 -1 17 5 4 -7 2 7 24
8 4 -8 19 8 2 13 16 10 3 -9 8 18 -8 -7 18 17 -2 23 20 9 3 17 -6 1 24 9 -10 11 19 21 -4 20 -10 -4 24 20 4 14 -7 -3 -7 5 16 -9 -4 15 18 23 -2 -6 -9 9 -7 -5 6 24 -4 0 17 18 -4 7 12 -6 -2 5 -6 21 14
4 2 -2 22 19 8 0 5 0 -10 -9 11 24 15 16 -7 11 10 19 23 11 -8 24 12 14 5 -5 -9 -5 5 6 11 3 -9 3 -7 15 -2 -2 4 -3 -8 17 17 18 -1 -4 12 1 20 12 16 -1 18 15 -2 -10 -10 13 -2 20 -7 -9 13 9 11 20 4 11 4
17 2 10 2 -8 0 7 0 14 1 2 5 0 9 -6 -3 18 16 5 20 0 -8 13 -4 10 18 -6 -9 22 8 21 20 -3 -5 -2 1 5 -8 14 1 0 7 -3 17 15 23 7 9 -10 0 -2 5 12 -10 -8 2 10 -4 12 20 7 -3 7 -8 -3 15 19 20 -10 -5
15 0 2 15 0 -4 22 -5 -10 5 -8 8 -4 -9 3 14 8 8 -2 0 5 15 24 9 5 -1 16 12 24 -6 9 -7 -7 22 14 20 19 14 -3 -10 -5 11 4 10 15 6 16 -7 -5 19 13 0 18 16 8 1 11 7 1 23 14 -6 -1 3 -7 15 17 4 19 3
-8 -5 6 14 15 2 15 8 6 -3 20 13 17 -5 5 10 -7 -8 -1 15 6 16 11 1 2 13 3 1 -6 22 23 13 23 4 -8 0 -10 18 -2 24 6 -5 20 13 12 0 1 1 23 8 15 13 -3 23 -10 -7 15 17 10 19 9 8 -8 -10 5 3 6 -2 6 2
-6 7 8 9 23 23 14 11 13 -1 -7 -8 0 12 15 20 4 4 15 13 21 4 13 -10 -4 7 20 18 14 -2 4 5 1 6 -9 3 17 10 17 10 1 8 3 3 15 4 -4 18 1 -5 22 18 -7 5 10 -8 2 -2 2 7 12 18 5 18 7 -4 3 4 24 7
22 -1 -2 -9 4 -1 -4 10 0 23 22 24 22 15 7 -2 21 16 19 18 23 9 -3 6 17 7 -1 21 -4 6 -1 6 -4 20 22 -5 0 12 16 7 6 -10 21 -10 20 -7 -1 -2 9 -9 -8 -4 0 20 -8 10 -10 23 9 6 15 3 -8 18 10 20 -5 0 3 3
8 17 23 19 -5 -8 2 -3 19 21 0 -7 5 -7 -10 8 -3 -8 23 12 6 -7 12 18 21 16 3 14 11 -10 3 21 0 20 2 23 2 11 -8 6 20 13 -9 3 22 -8 4 12 11 12 4 -5 16 -6 9 -7 -6 0 11 8 -1 10 1 16 -8 -5 21 -10 0 20
24 9 12 21 -5 17 9 24 13 13 -7 0 3 19 24 15 -2 4 21 3 1 15 -9 13 20 13 -7 -6 20 21 6 5 20 7 11 10 8 -10 -10 12 0 10 10 1 -9 3 22 4 -9 23 18 -8 7 20 9 6 6 5 5 21 -5 2 4 13 19 14 -6 17 19 0
16 5 4 0 -1 -8 -2 15 -1 -4 6 16 0 23 20 5 10 19 3 -4 4 6 22 -5 5 -7 -1 12 12 17 -7 7 -2 -3 3 13 -7 6 5 19 -1 -9 -8 5 -3 -5 -6 15 -8 9 5 22 19 21 9 20 16 -5 8 -6 7 19 20 -1 6 4 5 1 10 13
23 -1 14 19 23 13 -8 14 -2 22 17 23 7 14 15 -2 18 5 4 1 6 19 8 -10 4 15 5 24 20 15 -8 -7 23 16 3 12 -8 21 7 24 6 24 -4 18 3 18 10 5 -3 6 -10 0 -9 13 7 -6 -2 13 1 24 4 23 18 22 7 13 16 19 5 15
12 -9 -1 3 21 23 23 7 20 22 3 19 21 -8 7 -10 23 22 -6 -9 17 6 2 -5 2 2 -6 -7 0 -3 11 4 0 -9 11 10 16 11 12 21 13 10 -7 -2 16 -10 -10 22 3 23 20 -3 -3 8 21 10 19 10 5 20 23 -5 -1 -6 9 13 9 -6 -1 23
7 -9 8 14 8 5 21 -7 7 -10 -8 24 23 11 16 23 -7 -6 22 12 6 17 19 -7 -7 0 -8 -8 21 6 -4 16 0 7 -9 22 -10 21 15 22 15 10 15 20 0 21 16 24 3 1 3 -3 2 -10 13 22 16 4 9 -9 -9 22 -8 12 10 24 2 0 -7 4
-7 6 -9 1 9 21 -6 -2 -4 2 20 5 14 -9 18 -9 20 -3 10 17 1 15 12 12 7 22 -8 13 19 21 -3 24 2 12 -3 13 21 -2 9 -6 18 7 23 9 1 17 -9 7 -2 7 8 -7 11 22 3 16 12 2 -7 22 6 6 23 6 18 15 18 -1 13 12
7 19 19 -1 20 -5 -6 19 6 17 20 -3 8 7 8 20 4 -1 11 20 6 13 -9 21 14 19 -7 14 24 -8 21 16 9 18 24 10 23 18 -4 -10 15 1 -6 16 4 22 9 -9 16 16 14 12 14 12 -9 8 -10 18 -8 18 3 13 -6 5 16 -8 -8 22 -2 17
14 14 7 11 -3 15 -5 6 3 15 -3 24 14 -9 13 -2 -4 -2 0 7 11 1 18 9 16 17 1 23 18 10 3 -4 4 8 22 -2 -1 13 9 2 3 5 9 15 14 23 19 2 18 17 -9 1 22 -5 19 6 -6 24 -2 12 16 2 20 12 11 6 -10 -4 -7 -6
-7 -7 -7 10 9 15 3 9 20 6 11 -10 13 2 14 24 9 18 19 7 12 -4 -10 -3 0 4 12 2 14 23 7 15 9 19 2 3 -2 0 15 -1 16 22 1 -2 4 8 -3 22 21 -10 9 16 6 4 18 1 -10 18 18 22 8 -6 -2 -1 11 -10 -9 13 0 7
-6 -6 5 -8 0 -1 15 16 -4 4 0 16 19 21 0 -10 -8 15 21 -8 17 19 23 10 1 1 14 13 -2 16 -6 0 -1 9 15 17 16 4 10 6 0 19 20 0 24 0 20 -3 1 10 -9 18 1 18 -5 24 19 21 10 17 4 8 -7 -1 3 -8 4 -7 11 2
2 20 19 -6 -2 10 -5 22 4 16 -4 -4 2 21 19 -7 15 -5 6 -8 9 13 21 18 22 10 12 19 0 14 -1 12 0 -5 -3 -4 -3 7 24 23 7 23 10 21 23 12 7 21 8 -3 -10 7 23 13 -1 12 24 -9 17 -8 24 6 12 19 -8 19 2 4 9 -2
15 12 4 10 13 3 12 -6 4 -10 18 6 21 1 -4 6 8 23 23 17 -5 18 7 15 10 15 -7 4 17 23 9 5 8 -4 6 14 12 -10 1 1 4 -6 18 7 -6 22 0 -3 23 23 13 18 10 18 3 4 -8 -3 21 2 18 6 4 18 -1 0 21 -9 7 5
0 -4 -7 8 23 20 16 22 -7 8 -9 -8 -10 9 -4 21 -5 19 9 3 -4 -8 -6 -1 11 7 2 24 -10 0 8 24 20 24 18 -3 2 21 24 21 15 1 21 2 8 10 1 -6 5 19 16 4 4 14 2 12 4 22 12 24 17 -1 -8 17 -5 17 -5 8 13 -10
3 2 -10 16 11 20 2 15 7 7 7 14 16 15 7 -2 11 22 21 20 15 22 24 6 -9 21 -10 16 -2 -5 9 17 7 -10 10 10 10 17 9 12 8 7 11 -9 4 22 12 20 24 -10 -10 19 17 15 -2 21 12 -1 15 11 1 -4 17 7 23 22 10 17 17 15
23 21 11 2 8 -3 -3 6 5 21 -1 11 -3 -8 9 6 16 18 18 1 14 10 13 -9 -8 -10 -9 24 9 3 20 -1 6 22 23 -9 15 10 2 24 -6 -4 14 10 10 22 13 18 19 -4 -7 14 20 6 5 -5 24 -7 12 -9 -5 5 22 10 10 23 1 -1 24 16
4 16 0 -7 -6 11 4 -6 8 7 22 2 19 -6 -3 1 19 -5 -4 7 15 -8 -2 1 -9 -3 15 -7 21 -7 -6 -2 -2 -4 4 24 24 -8 11 22 10 1 -3 -7 11 -10 8 4 24 2 14 -6 24 0 19 14 14 -10 13 20 19 -4 7 -4 7 -8 15 17 11 23
-2 14 10 24 1 7 3 -6 19 14 23 -7 10 -9 16 24 -1 -9 6 19 -1 9 19 10 -8 16 8 23 10 0 -8 1 -4 12 -1 11 1 11 -10 16 -3 12 -1 9 20 4 -3 9 18 -3 8 1 5 -7 15 12 9 -2 12 7 -5 8 12 -2 6 12 22 11 9 14
14 5 21 -5 3 7 1 22 13 -8 -3 0 14 15 23 2 23 10 10 -9 -2 19 19 -10 10 -7 6 9 6 2 17 22 16 15 16 22 6 10 22 13 0 21 22 23 19 15 -8 4 8 4 13 18 10 -10 -8 8 16 -4 -4 9 -10 6 -3 -6 18 19 10 20 -9 7
10 18 8 12 -5 2 8 16 19 17 13 -6 0 4 19 12 11 10 -5 -5 15 -3 3 18 -6 0 -4 8 17 20 -2 -3 20 9 -2 -7 4 9 9 12 10 23 14 1 10 13 4 15 16 22 -3 16 24 20 23 4 -9 -7 -9 -6 24 -4 13 19 13 -5 0 17 -8 7
-5 13 -5 3 14 -5 12 -5 -5 -8 -10 8 13 12 16 -2 10 15 15 12 21 -4 3 -2 14 16 12 -7 -8 -3 -6 -1 14 -5 20 20 22 5 12 16 12 -8 -1 -8 -3 20 20 15 8 6 1 14 23 21 20 22 22 -6 -5 -9 -9 -6 19 -9 9 3 21 12 17 17
15 16 -10 7 -7 -4 -5 -10 -2 -1 11 21 10 3 9 -6 -7 7 6 -8 0 -6 12 -6 13 24 -8 -2 0 -9 7 -6 13 1 2 22 5 5 19 11 14 20 10 20 19 3 3 0 -9 4 24 2 -7 9 -6 -5 12 -1 -3 11 20 -7 24 9 -7 3 19 24 3 -5
0 2 3 24 18 -8 21 -5 16 24 22 -8 6 -1 7 4 10 15 16 5 4 7 6 5 17 -3 -10 13 -10 -5 23 10 17 6 19 7 13 14 -10 7 -6 8 3 15 16 4 21 3 3 -4 12 9 17 2 -9 24 0 1 14 8 1 23 2 15 -3 18 12 5 15 24
0 13 21 -8 15 18 -2 1 18 22 21 -3 12 3 7 13 18 -2 13 1 9 -3 22 -8 6 2 -10 -7 0 8 6 4 21 -8 24 -2 16 1 7 -7 9 -6 -10 3 19 9 -9 15 -1 15 -8 5 -2 17 22 -9 -7 24 3 15 22 17 -6 23 -8 7 2 -1 12 21
5 8 10 -3 4 2 -4 21 -7 -8 16 2 3 16 9 -10 12 -7 2 10 8 23 3 -10 16 -2 14 9 -4 11 10 -3 8 -10 21 -4 24 -8 21 -2 -4 -4 15 -9 3 2 22 -2 13 11 5 2 -1 17 8 15 17 12 19 -1 -1 -7 18 -10 -8 -5 7 2 -4 -2
-4 8 -4 -4 9 -8 1 0 -8 2 21 -1 20 4 -7 23 -9 -2 21 14 6 8 7 24 23 1 11 22 20 12 2 7 5 14 7 8 12 7 6 0 22 3 -9 -8 0 16 7 16 -10 21 -4 0 -5 13 -1 9 -4 22 18 -9 -9 14 -8 15 23 24 4 22 -5 12
16 24 7 17 -8 21 1 3 -8 15 15 -2 -1 3 19 -5 24 -2 16 -4 -6 3 13 -7 12 24 -4 -8 7 -4 21 10 18 -5 19 -7 -3 19 12 19 21 -2 7 2 2 17 -4 -5 18 -7 18 9 13 21 14 8 -10 -4 -9 -6 -5 4 -10 12 18 -6 -9 5 19 -5
12 19 -5 9 -7 -5 4 10 6 3 0 14 13 -5 -3 7 -7 8 20 7 -1 5 8 6 2 -9 13 5 -8 13 -1 13 16 8 18 -8 12 8 14 13 8 -7 5 3 3 16 22 -1 9 21 9 8 18 9 19 13 3 9 22 -8 13 3 2 22 -5 -3 11 20 23 8
-6 -7 4 -4 15 -3 6 10 0 2 1 23 17 -9 1 -3 17 14 -5 5 20 10 20 1 -5 9 10 -7 3 9 12 6 19 -1 -8 23 9 10 -4 -8 21 1 24 13 -7 21 20 14 3 3 24 22 16 10 15 3 0 21 4 11 8 18 -2 -6 20 -3 1 -2 -6 -1
-10 6 12 -10 1 18 6 -10 -1 16 -8 -7 -9 22 24 0 10 13 2 16 13 21 5 -5 12 -7 5 5 21 11 8 7 13 -2 1 17 21 -10 -9 23 6 23 10 1 -5 23 18 -8 24 12 -8 18 -3 -10 21 -10 9 20 -10 -10 10 -10 -4 22 13 24 9 1 -4 3
22 -9 -8 -1 -7 14 -9 -5 2 10 -3 18 -5 16 19 0 15 8 11 17 11 11 17 20 23 -1 -4 12 -7 -7 0 1 -3 -2 22 22 5 -3 22 3 20 23 0 10 -1 22 14 -1 0 -4 13 13 -7 12 19 14 -7 12 23 17 6 10 2 3 2 23 23 16 17 12
10 -8 8 6 8 -4 -8 7 2 -6 15 5 -8 -6 -4 -1 20 15 2 -3 14 21 -10 -2 0 0 14 -7 -10 1 22 6 14 9 2 0 -1 24 -10 11 17 5 10 -8 5 10 6 10 19 10 14 -2 -9 2 23 16 3 -2 6 15 -1 -2 21 15 8 -2 21 -8 10 0
18 -5 19 8 21 17 9 23 -7 23 -3 5 -8 21 -1 2 16 -8 3 18 11 16 22 -4 6 -5 -2 9 23 21 -3 11 1 -1 2 3 3 23 1 -2 18 0 -4 4 12 17 6 13 14 -3 7 -8 -2 11 0 8 1 7 -1 -7 16 7 7 14 -3 18 6 -9 -9 3
-10 23 2 3 -5 24 -10 -4 10 -9 19 20 10 15 -8 4 0 19 14 20 21 1 7 -7 12 8 -4 11 4 10 7 24 -10 12 0 -2 -10 18 -10 11 2 -3 12 13 3 0 19 11 9 21 1 6 -10 -2 12 -7 11 16 -6 21 -7 4 -5 4 17 9 0 -1 23 1
24 -6 6 2 21 -10 2 -4 0 3 -7 -2 10 -1 21 -8 18 12 10 -5 8 -1 21 4 15 9 3 7 24 10 17 -10 1 -10 18 -3 19 -2 10 -9 5 -9 -7 22 2 2 16 14 -3 7 4 24 24 8 3 -5 -6 -6 9 22 -7 17 9 4 -6 5 21 20 -8 22
5 21 11 -7 2 11 2 13 -6 -3 1 17 -9 9 4 23 1 2 2 -10 19 3 -2 10 -9 14 24 7 1 14 0 23 -3 -5 -8 10 15 -2 7 11 -2 3 -4 -7 7 9 -8 21 -8 -7 -4 16 8 16 3 6 -3 -9 0 -8 17 -7 0 11 14 -3 -10 3 19 -6
16 -4 14 19 8 10 21 10 6 22 4 13 6 21 22 12 -5 24 7 15 7 -2 4 17 7 -1 5 22 -7 13 -9 -9 -3 24 -1 5 -2 -3 8 -5 -4 24 5 8 18 -4 21 13 6 -10 17 1 20 14 -9 23 18 2 -10 -9 21 8 7 4 6 18 8 23 -10 -8
1 10 1 8 -4 14 2 -5 9 -7 10 13 2 19 -7 7 1 15 -10 18 5 -3 18 12 -3 21 18 21 17 -1 23 -10 1 21 24 10 9 -8 19 -10 12 -10 12 -8 -1 21 2 17 12 21 18 -2 4 2 10 23 18 17 21 -9 24 -8 -10 23 -1 -3 -3 24 17 19
6 23 15 -1 6 -9 23 23 3 15 -6 16 -8 1 21 13 11 -9 7 -6 5 -7 -2 -8 6 24 18 7 23 6 21 22 3 17 -7 -6 -2 -6 16 -5 22 -9 3 12 22 21 5 9 16 13 12 10 2 -9 -8 21 19 -6 6 8 16 -9 -5 -1 21 -2 4 -6 -4 4
5 10 -6 2 3 14 23 0 12 -1 12 9 6 16 2 22 1 -5 -5 10 17 23 -5 8 -8 -1 -8 1 18 15 20 22 13 18 1 9 10 24 17 20 13 10 22 10 16 5 17 22 9 19 -9 15 9 24 10 8 -1 -6 3 5 1 16 23 -7 2 0 15 0 -6 6
16 16 22 20 5 -4 -5 -6 -7 17 5 23 23 9 6 7 -8 8 -1 2 13 24 8 -5 18 6 -3 7 19 13 22 20 15 11 4 -9 14 8 19 -1 2 2 19 16 5 -7 -6 16 0 11 -1 2 -4 3 -4 6 17 22 -4 21 1 17 13 15 17 10 16 -4 7 23
13 6 -4 5 10 -9 -6 -6 24 -3 -3 11 8 -1 -10 -6 2 17 11 8 -3 6 15 9 -9 13 2 -2 23 7 23 -6 19 24 -7 20 -5 16 7 1 1 -7 2 -6 -10 -10 7 10 24 17 17 -1 -7 16 11 13 7 5 -5 14 -2 1 -7 13 20 0 23 0 -10 17
-8 3 -3 15 13 16 0 4 14 22 19 14 20 10 -5 7 13 12 18 22 22 17 -6 -5 4 -5 9 3 -3 7 17 15 24 -8 8 23 -9 -10 22 -6 11 -10 -5 6 12 23 -6 19 -5 20 8 0 22 4 22 24 17 -9 -4 5 12 0 9 23 0 6 15 -8 -9 20
7 -1 5 19 13 -1 22 5 -5 3 23 -7 17 -10 14 -8 -7 19 2 5 4 20 2 -3 17 8 5 10 21 -4 -1 -6 15 14 -1 -8 2 14 15 21 2 -8 -8 17 -7 0 11 -9 13 6 3 10 2 13 12 -2 10 5 24 13 5 7 -7 22 -8 18 3 12 18 21
-10 15 -4 8 0 6 24 22 14 7 21 1 5 23 19 22 -10 -1 -7 9 -2 10 -7 -5 -3 18 -4 12 1 24 8 17 12 17 -6 -8 3 -5 20 -4 -5 23 -7 -5 -3 17 21 8 23 0 14 8 21 -8 16 8 19 24 14 1 2 10 -3 11 23 22 16 4 -9 1
7 -6 -8 -10 2 18 -6 18 14 -6 22 12 12 11 15 14 24 1 1 14 20 19 7 4 -2 -8 4 18 -10 11 4 -6 -3 6 10 -3 6 4 14 23 22 14 -5 6 0 14 4 1 0 20 15 -6 24 -7 16 14 -10 21 -5 -6 3 -10 16 -5 20 9 -2 15 23 -1
-10 -9 13 22 8 -10 3 -9 -8 13 12 10 18 23 22 -7 13 3 18 10 13 2 24 14 8 11 23 13 3 -8 -4 8 14 -3 15 -4 -9 19 -1 -1 -4 24 13 1 6 -1 24 3 -6 -4 2 2 20 5 -1 16 17 22 15 6 -6 10 7 -1 1 22 22 -2 6 -2
10 5 3 -4 5 1 8 -3 21 -8 -8 -5 20 -1 -1 17 6 -7 -2 0 -10 -4 8 -10 6 -7 9 3 20 -8 1 10 22 2 6 6 13 -9 7 22 5 7 -8 9 9 8 -7 -8 22 4 21 -10 2 20 -4 11 -10 14 6 3 15 2 19 5 -1 8 2 1 23 3
21 -4 9 16 14 -3 24 7 13 22 -8 -6 13 3 18 14 8 -4 4 7 16 10 10 -3 1 8 6 1 -3 0 5 -9 22 -8 -3 4 -3 21 1 23 16 18 1 -2 -10 9 19 15 12 4 -3 -5 -10 1 -7 7 0 -5 16 6 15 15 -3 3 13 -1 5 17 -6 23
23 -1 23 -5 -10 1 15 16 -2 7 14 1 20 17 12 -7 22 17 13 18 10 -8 -3 -8 24 11 10 18 16 23 1 -2 -4 21 -2 -3 22 23 14 8 9 16 -4 12 3 19 1 -9 5 5 -6 -5 -1 -2 -9 4 14 17 -10 -9 4 11 24 -8 5 12 20 -3 7 6
2 5 -2 21 11 15 9 20 14 5 18 10 -4 12 -10 -7 4 3 15 22 23 3 -8 -3 17 16 5 8 23 16 8 -2 13 24 15 16 14 -9 18 1 -2 1 24 -3 14 12 20 13 -7 2 16 -1 -10 3 1 8 11 18 1 23 22 -1 11 -5 0 14 3 9 13 14
6 5 3 2 11 24 7 20 -5 5 17 22 22 12 5 14 18 11 17 5 3 -8 11 3 1 -8 22 8 16 -9 0 -6 -2 18 4 22 17 10 17 22 -10 17 2 -6 -10 -4 -8 2 7 11 6 9 7 21 8 -3 -7 12 15 13 21 -10 1 3 13 -4 7 16 24 6
22 20 -6 11 11 16 3 9 -9 4 -3 8 -7 12 1 -10 -1 -5 20 1 24 19 24 23 16 -6 14 -1 14 4 -4 2 -8 -7 2 10 14 13 1 0 -5 2 16 5 5 16 -6 -7 16 16 19 1 0 17 -1 2 3 20 12 9 2 6 15 -9 -6 8 12 -7 -5 -8
10 0 -6 14 13 -10 15 20 4 -2 -8 3 9 -6 -6 -4 5 20 10 -5 -7 -5 -10 -3 -2 1 22 -4 23 22 -10 13 2 11 15 15 -2 2 -2 9 -6 2 19 16 21 17 22 18 5 20 14 1 -1 -2 -3 18 11 20 15 17 -8 17 1 -2 -7 -6 3 10 -3 -6
16 -5 7 -4 -1 18 7 7 22 9 21 7 12 -6 1 20 19 4 0 20 -2 -7 2 8 23 3 14 24 -5 12 -3 -6 20 5 17 0 19 1 -2 9 -1 14 23 -9 20 24 -5 12 -3 17 0 -9 13 15 13 20 -10 17 -7 20 20 4 -3 -8 11 -2 12 17 -10 15
5 -1 11 24 1 14 18 -7 24 -4 16 22 -10 -1 -1 20 4 17 -5 -2 -2 18 4 -8 9 22 4 2 12 20 1 -8 6 18 15 -1 9 9 18 13 -9 19 -6 -9 -5 18 -1 7 -9 -2 18 -4 9 16 2 -10 13 11 5 1 12 2 18 -7 17 -5 17 5 -3 10
-2 18 8 10 9 -2 23 21 9 14 22 10 0 -9 19 2 -7 3 24 24 16 11 19 6 4 -9 -9 2 -8 9 1 -3 -6 24 19 18 15 -8 17 15 20 -5 -7 18 10 15 3 13 19 -7 6 21 13 23 4 6 17 -2 -2 -2 -6 5 7 14 -8 5 23 20 4 -9
0 -6 6 11 22 18 -5 4 -5 16 -2 -4 10 23 20 -10 4 6 17 1 4 -8 10 17 2 -6 -7 3 -7 0 1 10 -3 -10 6 20 14 18 1 5 -8 14 -4 18 15 9 -7 19 -7 3 9 -9 15 7 20 -10 0 -7 -8 10 18 21 10 11 8 17 5 13 0 20
11 10 0 6 17 16 19 4 3 5 -1 -7 -6 -8 19 14 10 16 12 12 17 18 15 8 3 9 3 1 -2 -3 1 -6 6 -5 13 1 15 16 15 1 9 9 -7 4 -4 -6 -3 -8 8 -4 -7 14 18 -1 3 8 14 19 -5 -3 6 12 8 11 8 -3 8 13 -10 0
16 6 20 0 4 13 0 -7 12 8 -6 12 4 6 23 8 0 5 7 17 -5 8 -5 6 18 10 18 10 18 2 13 3 -1 18 17 21 -3 23 5 0 13 18 -7 5 12 9 11 -3 24 15 3 4 7 23 6 -5 2 7 17 -9 -9 3 -9 -9 21 22 -4 6 12 -6
3 2 20 -9 -7 -7 -6 11 -4 -6 14 6 -5 13 18 20 10 24 0 -6 17 0 4 3 3 23 21 -2 2 14 -7 14 -2 -7 -1 -2 22 12 13 16 5 2 -4 24 -9 22 -7 15 8 13 8 5 -5 4 13 -2 9 -3 9 -1 -8 5 17 -5 -3 21 13 -1 -9 12
