UCS
25 43
18 20
10
3
9 10
24 9
0 40
1 3 -15 -5 -7 5 -18 -6 -7 5 8 8 -18 0 -20 -11 -6 8 2 9 -8 5 2 3 -4
-10 -17 4 3 -19 7 9 -4 9 -7 -16 5 8 -14 -2 -13 -15 -16 -19 1 1 3 -11 1 -19
-9 -1 3 -9 5 -5 -2 -3 -10 -2 9 -3 2 6 -8 0 -19 -3 5 -7 -1 -15 6 4 -7
-2 -17 -19 -3 -14 -17 -8 -8 -3 6 -8 3 -20 -11 1 -15 -6 6 2 -20 6 0 7 1 -6
-18 4 -19 -5 -6 -16 2 -9 -20 6 8 -5 -4 -9 -15 -8 -2 -1 -17 -18 7 -8 -4 5 -11
-19 -2 -5 -2 2 2 -9 -18 -18 7 4 -15 -6 -1 -5 -16 -1 -9 -1 0 -14 -15 -17 -14 9
-17 -19 0 3 -17 1 -2 9 -8 2 -10 7 -15 -1 -10 -15 -1 -6 -1 -8 2 -1 5 -3 -17
8 -15 -12 6 9 -2 -15 6 -6 6 4 -10 -19 -9 -18 -18 -5 -14 -6 6 -1 -7 -11 -2 -2
6 7 -13 0 -16 -3 0 -12 -5 -20 -1 -18 -1 2 -13 -20 -6 -1 8 -20 -9 8 -20 1 1
-14 -16 -17 3 -7 -13 -3 7 -1 -15 -20 -20 -1 0 -20 -5 -8 -11 2 -20 -17 -4 -11 -19 -9
4 -20 4 -14 -12 0 -19 0 1 -6 -11 -3 3 -11 -11 4 3 9 6 -18 -8 -11 9 -10 -19
-1 -11 -2 7 9 -14 -18 -2 -13 0 -12 -7 -10 -20 -16 -12 -9 -18 -9 3 -10 -18 6 -11 -19
-20 -18 8 9 -6 -16 -11 -11 1 -20 -19 -20 -1 -19 -1 -6 -19 2 7 -20 3 2 -19 -2 4
-16 -11 5 8 -12 -5 -1 -13 -12 -12 -10 4 -6 -12 2 -9 -1 -12 -19 -10 0 -4 -16 -20 -15
-12 7 -10 -13 2 -11 -2 5 -18 6 -3 1 8 -14 -16 -7 2 -11 -9 5 4 -17 6 -2 -18
5 1 -7 5 5 -8 -5 -20 3 -3 6 -3 7 9 9 -6 1 -19 -19 -14 3 1 -4 -12 -18
-12 6 -15 6 -12 -15 3 -12 -5 6 4 4 -12 -9 -15 -14 -15 3 -7 -11 -14 -13 -17 6 -19
-12 3 2 7 -6 2 -17 9 -7 -2 -10 -16 9 3 8 -1 -9 -20 -12 -16 7 -10 1 -6 3
-6 9 0 1 -11 -5 -10 3 0 -11 -19 -1 -9 -11 -8 1 -14 -16 -17 -15 2 -16 8 -18 9
3 -9 -19 7 -6 -20 -3 5 -4 -7 7 5 -12 2 -19 -5 -6 -13 -6 7 5 -15 -15 -17 2
1 4 -19 -8 -2 0 -11 9 -14 -12 -12 6 -14 -1 5 -5 -3 6 -19 -3 -17 8 -1 -15 0
7 6 -3 0 9 -20 -8 3 -8 -4 -14 -1 3 6 5 -19 4 1 -3 4 -16 -3 8 -11 -4
7 9 -19 5 -14 -2 -7 5 0 9 6 -20 -10 9 -20 -3 -13 2 1 -10 -5 -10 -9 -3 -20
7 -18 -8 -9 3 -18 -11 -3 5 -16 -11 9 -14 -14 7 -19 7 -20 0 0 4 -20 -18 -10 -16
6 -15 -20 -18 -11 -12 -9 5 -8 -19 4 5 9 4 -15 6 -16 -6 -1 -11 -4 -17 4 4 -9
-3 7 -2 -18 0 3 -8 5 -4 -8 9 -6 -20 -17 -2 3 -5 7 -17 -5 -11 -16 -17 -20 9
8 -14 -16 -10 5 -7 -6 -5 -2 -17 -19 -8 -9 -8 -19 -20 -8 -18 -4 -13 -8 -20 -13 5 -19
3 -2 7 -18 1 -5 -4 -19 4 6 -10 -12 -10 0 -16 -1 -15 -13 3 -8 8 -5 -13 -15 -12
-11 -15 -8 -19 -4 7 7 -16 -18 -9 9 2 -13 -18 -18 3 7 -9 -9 -19 -12 0 9 1 1
-9 -14 -18 -5 0 -15 -8 -9 7 1 0 -19 -2 -13 0 -2 6 3 -17 8 -11 -19 -18 -10 -14
4 -7 -11 7 -19 -18 -18 0 -3 -4 -9 2 5 -2 -7 3 -9 1 2 -20 -10 -4 -9 -14 -6
-14 4 2 -6 2 -12 4 4 -15 -7 -5 0 8 -10 -7 7 -8 5 -3 -11 6 -17 -1 7 -8
1 -3 -6 -17 8 1 4 -19 -18 9 -19 -5 3 2 9 1 -10 4 1 -17 8 4 -4 -19 -17
3 5 5 -7 -8 -3 -2 3 -2 9 7 -2 -6 -19 -7 6 -4 -1 -19 8 -3 -4 5 9 2
-10 -13 -7 -12 -5 -19 -9 -18 -14 8 -18 -8 1 -8 -16 7 -4 -20 1 2 2 -6 -2 -9 4
1 -2 -2 -12 5 -4 1 -16 -6 -18 -19 8 -18 3 8 -19 0 1 -18 3 0 8 -5 8 7
-14 -8 -15 -11 9 -20 -19 -3 1 -8 -10 -20 2 -13 0 -20 -1 2 -13 -9 -18 -13 -8 -17 -11
6 -7 -12 6 4 -11 -13 -20 3 6 8 -3 -5 7 -14 -4 2 -11 -13 1 4 -15 -12 -2 3
-20 -13 6 1 -8 -13 -8 9 -20 1 -20 -14 -14 -2 -11 -13 -12 -17 -10 -2 9 -1 5 5 5
-8 9 -4 -2 -9 -17 -19 5 -18 -17 -16 -6 5 -15 5 6 7 -8 -9 8 3 -16 6 -12 -17
-14 -17 -10 8 -11 -2 -1 -1 -20 -20 3 1 -7 -4 7 4 -6 -2 1 -10 9 7 -12 2 -6
6 -16 -12 4 -13 8 5 8 -4 -8 -4 -2 0 -13 -3 -16 -18 5 -12 0 6 -20 7 5 -2
-20 2 -10 -18 -3 9 -13 -7 -11 -10 -3 -11 -17 -19 -7 8 -20 -3 -6 3 -13 -3 -16 5 7
